camera_matrix:
- - 846.1168287856303
  - 0.0
  - 465.4233565435593
- - 0.0
  - 852.1677234091366
  - 290.5432200933667
- - 0.0
  - 0.0
  - 1.0
dist_coeff:
- - 0.0810094937205852
  - -0.7757144333930843
  - 0.000972440116837853
  - -0.003223164232342957
  - 1.4649097351792804
