camera_matrix:
- - 871.2383553340826
  - 0.0
  - 469.1551107195706
- - 0.0
  - 873.6678099738587
  - 229.51802953701684
- - 0.0
  - 0.0
  - 1.0
dist_coeff:
- - 0.10791439004935321
  - -0.7744352749111431
  - -0.022730263177715357
  - -0.001947211068797055
  - 1.3865569568399643
